00000000000000000000000000000000000000000000000000
00000000000000000000000000000000000000000000000000
00000000000000000000000000000000000000010000000000
00000000000000000000000000000000000000100000000000
00000000000000000000000000000000000000110000000000
00000000000000000000010000000000000001000000000000
00000000000000000000100000000000000001010000000000
00000000000000000000110000000000000001100000000000
00000000000000000001000000000000000001110000000000
00000000000000000001010000000000000010000000000000
00000000000000000001100000000000000000000000000001
00000000000000000001100000000000000000010000000001
00000000000000000001100000000000000000100000000001
00000000000000000001100000000000000000110000000001
00000000000000000001110000000000000001000000000001
00000000000000000010000000000000000001010000000001
00000000000000000010010000000000000001100000000001
00000000000000000010100000000000000001110000000001
00000000000000000010110000000000000010000000000001
00100000000000000011000000000000000000000000000000
00100000000000000011010000000000000000010000000000
00100000000000000011100000000000000000100000000000
00100000000000000011110000000000000000110000000000
00100000000000000100000000000000000001000000000000
00100000000000000100010000000000000001010000000000
00100000000000000100100000000000000001100000000000
00100000000000000100110000000000000001110000000000
00100000000000000101000000000000000010000000000000
00100000000000000101010000000000000010010000000000
00100000000000000101100000000000000010100000000000
00100000000000000101110000000000000010110000000000
00100000000000000110000000000000000011000000000000
00100000000000000110010000000000000011010000000000
00100000000000000110100000000000000011100000000000
00100000000000000110110000000000000011110000000000
00100000000000000111000000000000000100000000000000
00100000000000000111010000000000000100010000000000
00100000000000000111100000000000000100100000000000
00100000000000000111110000000000000100110000000000
00100000000000001000000000000000000101000000000000
00100000000000001000010000000000000101010000000000
00100000000000001000100000000000000101100000000000
00100000000000001000110000000000000101110000000000
00100000000000001001000000000000000110000000000000
00100000000000001001010000000000000110010000000000
00100000000000001001100000000000000110100000000000
00100000000000001001110000000000000110110000000000
00100000000000001010000000000000000111000000000000
00100000000000001010010000000000000111010000000000
00100000000000001010100000000000000111100000000000
00100000000000001010110000000000000111110000000000
00100000000000001011000000000000001000000000000000
00100000000000001011010000000000001000010000000000
00100000000000001011100000000000001000100000000000
00100000000000001011110000000000001000110000000000
00100000000000001100000000000000001001000000000000
00100000000000001100010000000000001001010000000000
00100000000000001100100000000000001001100000000000
00100000000000001100110000000000001001110000000000
00100000000000001101000000000000001010000000000000
00100000000000001101010000000000001010010000000000
00100000000000001101100000000000001010100000000000
00100000000000001101110000000000001010110000000000
00100000000000001110000000000000001011000000000000
00100000000000001110010000000000001011010000000000
00100000000000001110100000000000001011100000000000
00100000000000001110110000000000001011110000000000
00100000000000001111000000000000001100000000000000
00100000000000001111010000000000001100010000000000
00100000000000001111100000000000001100100000000000
00100000000000001111110000000000001100110000000000
00100000000000010000000000000000001101000000000000
00100000000000010000010000000000001101010000000000
00100000000000010000100000000000001101100000000000
00100000000000010000110000000000001101110000000000
00100000000000010001000000000000001110000000000000
00100000000000010001010000000000001110010000000000
00100000000000010001100000000000001110100000000000
00100000000000010001110000000000001110110000000000
00100000000000010010000000000000001111000000000000
00100000000000010010010000000000001111010000000000
00100000000000010010100000000000001111100000000000
00100000000000010010110000000000001111110000000000
00100000000000010011000000000000000000000000000001
00100000000000010011010000000000000000010000000001
00100000000000010011100000000000000000100000000001
00100000000000010011110000000000000000110000000001
00100000000000010100000000000000000001000000000001
00100000000000010100010000000000000001010000000001
00100000000000010100100000000000000001100000000001
00100000000000010100110000000000000001110000000001
00100000000000010101000000000000000010000000000001
00100000000000010101010000000000000010010000000001
00100000000000010101100000000000000010100000000001
00100000000000010101110000000000000010110000000001
00100000000000010110000000000000000011000000000001
00100000000000010110010000000000000011010000000001
00100000000000010110100000000000000011100000000001
00100000000000010110110000000000000011110000000001
00100000000000010111000000000000000100000000000001
00100000000000010111010000000000000100010000000001
00100000000000010111100000000000000100100000000001
00100000000000010111110000000000000100110000000001
00100000000000011000000000000000000101000000000001
00100000000000011000010000000000000101010000000001
00100000000000011000100000000000000101100000000001
00100000000000011000110000000000000101110000000001
00100000000000011001000000000000000110000000000001
00100000000000011001010000000000000110010000000001
00100000000000011001100000000000000110100000000001
00100000000000011001110000000000000110110000000001
00100000000000011010000000000000000111000000000001
00100000000000011010010000000000000111010000000001
00100000000000011010100000000000000111100000000001
00100000000000011010110000000000000111110000000001
00100000000000011011000000000000001000000000000001
00100000000000011011010000000000001000010000000001
00100000000000011011100000000000001000100000000001
00100000000000011011110000000000001000110000000001
00100000000000011100000000000000001001000000000001
00100000000000011100010000000000001001010000000001
00100000000000011100100000000000001001100000000001
00100000000000011100110000000000001001110000000001
00100000000000011101000000000000001010000000000001
00100000000000011101010000000000001010010000000001
00100000000000011101100000000000001010100000000001
00100000000000011101110000000000001010110000000001
00100000000000011110000000000000001011000000000001
00100000000000011110010000000000001011010000000001
00100000000000011110100000000000001011100000000001
00100000000000011110110000000000001011110000000001
00100000000000011111000000000000001100000000000001
00100000000000011111010000000000001100010000000001
00100000000000011111100000000000001100100000000001
00100000000000011111110000000000001100110000000001
00100000000000100000000000000000001101000000000001
00100000000000100000010000000000001101010000000001
00100000000000100000100000000000001101100000000001
00100000000000100000110000000000001101110000000001
00100000000000100001000000000000001110000000000001
00100000000000100001010000000000001110010000000001
00100000000000100001100000000000001110100000000001
00100000000000100001110000000000001110110000000001
00100000000000100010000000000000001111000000000001
00100000000000100010010000000000001111010000000001
00100000000000100010100000000000001111100000000001
00100000000000100010110000000000001111110000000001
00110000000000000000000000000001000010100000000000
01000000010000000000000000000000000010110000000000
01110000011100000000000000000000000010000000000001
10000000000000000000010000000001000010010000000000
00000000000000000000010000000000000000000000000010
00000000000000000000010000000000000000010000000010
00000000000000000000010000000000000000100000000010
00000000000000000000010000000000000000110000000010
00110000000000000000000000000010000010100000000000
01000000010000000000010000000000000010110000000000
01110000011100000000010000000000000010000000000010
10000000000000000000010000000010000010010000000001
10110000000000000000000000000000000000000000000000
